
===== l1d TEST RUN =====


>>> Run 1 <<<

#type       avg     std     min      p5     p10     p50     p67     p75     p80     p85     p90     p95     p99    p999   p9999     QPS   target
read      138.4    64.9    54.7    87.7    95.8   138.0   150.4   157.5   162.5   168.8   176.5   190.2   222.9   315.3  4235.5   4993.8     5000
read      157.8    49.4    54.7    93.0   104.4   157.3   172.8   181.7   187.3   195.6   205.1   220.2   261.3   452.2  1839.5   9989.4    10000
read      178.5    60.2    54.7    94.8   106.9   178.4   198.5   209.4   216.7   226.1   236.6   257.4   316.7   591.8  1358.8  14935.2    15000
read      189.1    66.3    54.7    95.0   106.4   191.3   214.6   226.6   234.4   244.9   257.1   276.0   329.2   471.4  1748.1  19947.6    20000
read      192.4    65.7    54.7    96.2   107.2   195.4   221.0   233.2   242.4   252.5   266.1   285.9   332.0   466.6   984.1  24923.4    25000
read      203.9    89.5    54.7    95.4   106.2   207.8   236.7   251.6   262.0   273.0   288.4   311.1   362.5   483.3  3174.9  29825.8    30000
read      213.5    86.6    59.1    99.4   110.9   215.3   248.5   265.1   275.7   289.7   306.9   333.7   401.7   631.0  2172.0  35021.8    35000
read      218.6    84.1    59.1   100.3   112.5   220.1   255.7   273.1   286.0   300.0   318.1   345.9   415.6   538.5  2041.2  39782.8    40000
read      222.9    95.8    54.7    99.3   112.1   220.9   258.4   277.0   291.0   307.1   327.0   360.6   440.3  1011.0  2178.8  45028.2    45000
read      224.2    94.9    54.7   101.4   114.1   220.5   259.5   279.4   294.2   311.8   334.4   370.7   450.7   594.3  1526.7  50022.8    50000
read      228.1    93.3    59.1   102.8   115.2   221.6   262.7   284.7   300.7   319.4   344.6   389.1   470.7   624.8  1557.6  54951.4    55000
read      232.8   102.5    54.7   102.3   115.4   224.9   266.1   288.9   305.9   326.0   354.9   400.4   493.1   698.1  2282.4  59787.4    60000
read      239.0   103.8    54.7   103.9   117.4   230.1   272.8   296.7   314.8   337.5   369.8   418.6   508.7   686.4  2114.2  65049.5    65000
read      253.9   122.4    54.7   106.5   122.6   243.2   287.7   313.1   332.7   357.8   391.8   443.1   561.0  1002.1  3638.2  70162.4    70000
read      268.6   119.5    59.1   111.1   128.5   254.3   302.3   331.7   356.0   387.4   426.7   484.9   619.6   921.0  1366.6  75063.0    75000
read      845.5   344.8    86.8   594.4   635.7   773.8   818.1   848.7   867.9   927.9  1316.3  1499.7  1681.6  7013.0  7656.7  77205.6    80000
Warning! Detected max cpu usage > 95%
CPU Usage Stats (avg/min/max): 84.20%,36.82%,100.00%

>>> Run 2 <<<

#type       avg     std     min      p5     p10     p50     p67     p75     p80     p85     p90     p95     p99    p999   p9999     QPS   target
read      137.6    49.8    54.7    85.6    93.5   137.9   150.6   157.4   162.2   168.8   176.8   190.9   222.6   316.9  2472.8   4979.0     5000
read      156.1    44.8    54.7    90.2   100.9   156.9   171.9   180.5   186.1   194.1   203.1   218.5   254.2   326.2  1388.9   9951.6    10000
read      171.1    54.9    54.7    92.2   104.3   172.4   191.0   201.0   208.6   216.5   227.9   244.8   283.2   378.6   982.4  14968.8    15000
read      186.4    66.7    54.7    95.0   106.2   188.5   211.3   222.9   230.9   240.5   252.8   272.2   319.4   453.0  2645.9  20098.6    20000
read      197.8    69.1    50.7    95.1   106.1   202.3   227.9   241.0   250.2   261.1   273.8   295.4   343.6   474.2   908.2  25040.0    25000
read      199.3    71.0    54.7    96.9   108.1   202.1   230.6   245.0   254.5   266.3   280.1   302.5   351.5   478.5  1733.8  30049.0    30000
read      206.8    77.2    54.7    98.4   109.5   208.4   240.8   257.2   268.5   281.7   297.7   322.8   380.3   487.1  1816.0  35000.6    35000
read      216.1    82.5    59.1    98.5   110.5   217.4   252.2   269.5   281.9   296.0   314.6   342.5   409.3   587.1  1369.3  39976.4    40000
read      222.1   104.7    50.7    98.5   111.1   220.6   258.2   277.0   291.0   306.8   325.9   357.5   431.0   833.9  2809.4  44962.8    45000
read      225.0   124.1    54.7   101.0   113.3   219.5   258.6   279.1   294.0   311.7   334.1   371.3   460.5  1082.7  2235.0  49999.7    50000
read      229.9   103.1    54.7   102.2   115.0   223.2   264.6   287.0   303.2   321.3   345.9   389.4   475.8   757.9  2915.5  54965.8    55000
read      242.1   104.6    54.7   102.5   117.0   234.7   278.1   302.1   319.1   341.1   372.1   419.4   519.8   725.1  1418.7  59896.6    60000
read      247.0   114.9    54.7   104.7   118.7   232.8   281.7   309.7   330.6   357.2   393.0   448.3   559.1   762.1  1606.2  64892.8    65000
read      254.4   114.3    54.7   107.2   123.0   244.2   289.2   314.9   335.1   361.7   397.0   450.1   550.3   736.3  2182.2  69935.6    70000
read      272.8   135.7    54.7   111.2   128.3   254.4   304.7   335.9   362.1   394.7   435.8   501.5   667.6  1087.7  3516.7  75071.4    75000
read      423.3   278.3    54.7   126.9   155.0   353.5   489.9   571.1   623.3   675.1   735.5   886.1  1351.5  1615.7  7196.5  79993.8    80000
Warning! Detected max cpu usage > 95%
CPU Usage Stats (avg/min/max): 85.75%,43.00%,100.00%

>>> Run 3 <<<

#type       avg     std     min      p5     p10     p50     p67     p75     p80     p85     p90     p95     p99    p999   p9999     QPS   target
read      137.5    37.9    54.7    86.2    93.3   138.1   150.7   157.7   162.6   169.2   177.4   191.5   228.8   321.3   655.1   4990.0     5000
read      161.1    73.2    54.7    88.7   100.3   161.7   176.7   184.9   191.1   198.6   208.7   225.1   267.0   487.1  3334.7  10036.6    10000
read      172.0    61.6    50.7    93.8   105.5   173.4   192.0   201.6   209.3   217.3   228.6   244.8   277.1   369.4  3518.6  15002.0    15000
read      183.9    63.1    54.7    94.4   106.0   186.2   208.6   219.7   228.0   236.4   249.2   268.2   310.9   439.4  1470.3  19934.0    20000
read      195.4    76.9    54.7    95.9   107.2   199.0   224.0   235.7   245.2   254.8   268.8   289.4   335.8   498.2  1984.2  24886.8    25000
read      199.7    70.8    54.7    98.3   109.2   202.0   230.9   245.5   255.1   267.4   282.2   305.1   354.3   502.4  1496.9  30023.0    30000
read      208.2    76.6    54.7    98.6   110.1   210.9   243.1   259.1   270.0   283.0   298.4   322.6   383.1   500.6  1346.9  35064.0    35000
read      219.7    99.2    54.7   101.0   112.6   216.0   253.3   272.3   286.8   303.4   323.9   361.0   463.5   698.6  1886.5  39978.2    40000
read      224.8   101.8    50.7   101.2   113.3   222.2   261.2   281.1   294.9   311.9   333.4   368.3   453.8   635.3  3410.1  44993.2    45000
read      229.5    92.5    50.7   102.2   114.9   225.5   266.1   287.5   302.8   320.4   344.2   384.9   470.0   633.9  1060.4  49890.6    50000
read      234.8   136.5    54.7   103.1   116.3   226.4   267.9   290.7   307.6   327.3   354.3   399.7   497.7   930.7  2968.6  54872.0    55000
read      239.6   102.6    54.7   103.1   116.9   233.6   275.8   299.3   316.3   337.5   367.0   410.6   497.3   609.4  1552.3  60155.6    60000
read      244.2   101.2    54.7   105.0   119.4   236.5   279.7   304.0   321.4   344.1   376.4   425.3   516.0   652.8  1230.2  64976.2    65000
read      250.7   112.4    54.7   106.0   120.4   237.8   283.8   310.6   331.6   359.9   398.6   455.8   565.6   745.4  1617.8  69956.7    70000
read      322.4   169.6    59.1   117.8   142.1   291.6   360.0   404.6   437.5   476.5   528.4   620.2   857.1  1190.9  3059.4  75217.6    75000
read      850.0   346.8    68.9   582.5   632.5   782.2   831.9   859.6   884.7   941.8  1318.6  1511.4  1709.7  6726.5  7681.8  76342.7    80000
Warning! Detected max cpu usage > 95%
CPU Usage Stats (avg/min/max): 84.00%,36.00%,100.00%
