
===== l2 TEST RUN =====


>>> Run 1 <<<

#type       avg     std     min      p5     p10     p50     p67     p75     p80     p85     p90     p95     p99    p999   p9999     QPS   target
read      135.9    45.9    54.7    83.3    91.5   136.6   149.4   156.3   160.6   167.2   174.2   187.1   226.1   328.8  2079.6   4948.8     5000
read      157.2    63.4    54.7    91.5   101.9   158.4   173.1   181.4   186.7   194.3   202.3   217.5   253.3   344.6  1683.5   9940.2    10000
read      170.3    49.1    54.7    93.7   104.4   172.8   190.1   199.3   206.1   214.1   224.5   240.0   274.7   400.7  1000.2  14978.2    15000
read      181.7    62.7    54.7    94.7   105.7   185.2   205.7   216.4   224.1   232.4   243.8   260.4   295.7   383.3  1839.5  19984.6    20000
read      190.4    65.0    54.7    96.1   107.1   193.4   218.1   230.5   239.0   249.5   262.7   282.5   328.6   449.9  1708.2  25062.2    25000
read      199.0    81.8    54.7    97.8   108.5   200.9   229.5   243.7   253.4   265.6   280.3   304.1   358.1   504.8  3231.1  30035.0    30000
read      205.5    83.9    54.7    97.3   108.5   207.7   238.8   254.4   265.5   277.2   293.3   317.9   373.6   588.8  1923.5  35013.8    35000
read      210.9    78.2    54.7    98.6   110.1   212.1   246.5   264.0   275.3   290.0   308.0   335.6   397.1   508.3  1327.3  40030.6    40000
read      223.1    90.1    54.7    99.1   111.9   222.8   260.5   279.4   292.7   309.0   329.5   361.7   437.5   630.2  2009.6  45048.6    45000
read      234.6   117.3    54.7   101.3   114.6   227.6   268.7   290.3   306.2   324.7   349.4   395.0   546.0  1048.1  2129.9  50008.6    50000
read      228.9    93.1    54.7   101.5   114.3   224.6   264.6   285.9   301.0   319.4   343.9   383.8   466.6   601.2  1233.6  55153.4    55000
read      234.9   105.6    50.7   103.3   115.9   225.4   269.8   293.7   311.9   333.7   362.9   410.4   507.6   677.4  1611.0  60195.6    60000
read      242.1   100.9    54.7   104.2   118.4   234.7   277.0   300.8   318.7   341.1   370.7   418.2   513.2   697.1  1037.7  64936.2    65000
read      253.3   129.1    54.7   106.4   121.5   241.2   285.4   310.8   330.3   354.4   389.4   443.8   596.6  1301.5  3029.0  70183.8    70000
read      264.1   119.9    54.7   109.8   126.0   248.9   297.0   327.1   350.4   381.1   421.6   482.2   612.5   831.7  1478.1  74811.4    75000
read      849.0   352.0    63.8   577.1   635.0   784.4   834.8   861.8   888.9   940.2  1320.5  1522.2  1718.7  6997.9  7519.5  75987.4    80000
Warning! Detected max cpu usage > 95%
CPU Usage Stats (avg/min/max): 84.62%,38.50%,100.00%

>>> Run 2 <<<

#type       avg     std     min      p5     p10     p50     p67     p75     p80     p85     p90     p95     p99    p999   p9999     QPS   target
read      140.5    38.3    54.7    86.6    94.3   140.8   154.4   161.4   167.2   173.0   182.8   199.2   237.2   338.3   982.0   4936.6     5000
read      160.2    53.6    54.7    90.7   101.3   161.2   176.4   184.5   190.7   198.3   208.7   226.0   270.1   390.7  1999.8   9964.0    10000
read      172.4    69.2    54.7    93.8   105.6   174.1   191.8   201.0   208.3   216.1   227.1   243.2   279.7   468.9  3311.7  14924.2    15000
read      181.9    65.5    54.7    94.2   105.2   184.5   205.5   216.4   224.4   233.0   245.3   263.9   305.7   423.5  2848.8  19895.2    20000
read      190.6    63.9    54.7    94.8   105.1   194.9   219.2   231.4   240.0   250.1   263.1   281.8   320.7   434.4  1723.1  25071.2    25000
read      197.1    70.2    50.7    96.2   106.7   200.9   228.4   242.1   251.8   263.5   276.7   297.9   344.1   435.1   735.0  30009.0    30000
read      206.8    76.9    54.7    97.8   109.1   209.6   240.8   256.6   267.6   280.0   295.3   319.5   376.3   538.2  1900.6  35026.6    35000
read      210.8    86.2    54.7    98.8   110.2   209.8   245.0   262.8   274.4   289.2   307.6   336.4   401.5   737.8  2038.0  39880.2    40000
read      217.3    96.2    50.7   101.0   112.4   211.8   252.6   272.9   287.7   304.5   325.5   359.0   433.4   591.4  3629.7  45045.4    45000
read      234.4   109.3    54.7   102.4   115.4   228.5   270.2   291.7   307.5   325.8   350.1   392.2   502.1  1055.1  2272.2  49892.2    50000
read      238.9   131.1    54.7   101.9   115.5   230.5   273.2   295.5   312.6   332.5   358.2   400.5   508.3  1483.1  3663.0  55066.6    55000
read      235.6   101.7    54.7   101.9   114.6   225.7   272.4   297.5   316.4   339.0   368.5   416.0   507.8   657.6  1129.4  60068.1    60000
read      242.7   102.1    54.7   104.8   118.8   234.0   277.7   302.0   320.3   343.2   373.7   424.9   523.2   665.1  1478.9  64987.0    65000
read      251.1   110.7    54.7   106.8   122.7   242.7   287.5   313.0   332.2   355.4   386.3   432.8   532.0   734.9  2122.4  69899.8    70000
read      268.7   124.5    54.7   110.6   127.2   251.7   301.5   332.1   357.0   389.6   431.3   495.2   640.6   982.0  1365.1  74998.8    75000
read      835.2   362.3    68.9   546.6   609.8   771.9   822.0   854.0   874.9   939.5  1302.3  1493.7  1699.4  7057.1  8247.6  77004.4    80000
Warning! Detected max cpu usage > 95%
CPU Usage Stats (avg/min/max): 85.50%,42.50%,100.00%

>>> Run 3 <<<

#type       avg     std     min      p5     p10     p50     p67     p75     p80     p85     p90     p95     p99    p999   p9999     QPS   target
read      138.5    76.7    54.7    85.9    94.0   138.3   151.5   158.3   163.4   169.8   178.4   192.0   225.8   305.9  3174.0   4972.6     5000
read      158.9   114.0    54.7    88.9    99.4   157.8   172.9   181.5   187.0   195.1   204.2   219.5   265.2   641.2  4396.7  10011.8    10000
read      170.6    49.8    54.7    93.1   104.4   173.2   190.7   200.1   207.3   215.5   226.4   242.6   276.9   366.3   999.7  15016.2    15000
read      181.4    76.0    54.7    94.5   105.7   184.1   205.1   216.2   224.3   233.0   245.3   264.0   304.7   425.8  1859.6  19883.2    20000
read      191.2    69.8    54.7    95.8   106.7   194.3   218.9   231.2   239.8   250.3   263.9   284.0   329.9   488.2  2298.1  24882.2    25000
read      198.7    73.2    54.7    95.5   106.4   202.7   230.3   244.4   254.0   265.8   279.4   300.9   347.2   471.7  1960.9  30069.8    30000
read      203.7    74.7    54.7    97.8   108.8   205.8   236.8   253.0   264.4   276.3   292.6   316.9   369.1   484.8  1375.6  34826.2    35000
read      213.8    84.1    54.7   100.5   111.8   213.2   248.8   266.8   279.1   293.5   312.8   341.4   404.2   608.7  1972.3  39977.0    40000
read      219.8    92.1    54.7   101.1   112.9   218.0   255.9   274.7   288.6   304.6   325.0   357.1   431.2   582.7  2026.7  45099.4    45000
read      229.8    96.1    54.7   103.1   115.9   224.4   267.2   289.3   305.0   323.0   346.3   383.9   469.2   637.9  1370.3  50041.8    50000
read      232.1    95.9    54.7   102.3   115.8   227.0   269.5   291.9   308.4   327.3   351.1   390.0   471.6   597.5  1342.4  54824.4    55000
read      243.5   115.8    54.7   105.3   120.4   235.7   279.7   303.9   321.2   342.9   371.0   416.9   513.1   727.7  2438.8  60009.0    60000
read      247.7   116.5    54.7   105.8   120.6   234.8   282.0   308.4   328.2   352.4   385.9   437.5   550.3  1065.7  2172.3  64868.0    65000
read      258.0   113.8    59.1   108.1   124.9   247.6   294.1   320.7   341.1   366.0   398.8   452.2   575.7   830.3  1885.6  70044.0    70000
read      274.7   127.7    54.7   112.5   130.5   258.5   308.9   339.4   363.5   393.8   433.6   499.4   669.0  1047.7  1441.6  75025.8    75000
read      828.5   350.5    68.9   541.4   603.2   764.2   813.4   849.5   872.1   942.5  1298.8  1478.1  1678.4  6897.1  7521.0  77382.3    80000
Warning! Detected max cpu usage > 95%
CPU Usage Stats (avg/min/max): 84.90%,39.60%,100.00%
