
===== membw TEST RUN =====


>>> Run 1 <<<

#type       avg     std     min      p5     p10     p50     p67     p75     p80     p85     p90     p95     p99    p999   p9999     QPS   target
read      160.9    95.1    63.8    99.8   107.5   157.5   172.4   181.1   186.7   194.8   204.2   220.2   260.0  1017.4  3201.5   5024.0     5000
read      182.7    85.9    68.9   104.0   114.1   179.2   198.5   209.3   216.8   226.6   238.0   258.6   315.2  1065.5  2780.6   9914.2    10000
read      199.1   104.6    68.9   102.8   112.9   195.3   219.5   232.4   242.0   253.0   268.0   290.8   360.6  1772.0  2479.3  14910.2    15000
read      218.7   197.7    63.8   101.8   112.0   212.9   242.9   259.1   270.3   283.8   300.3   327.5   416.5  1646.4 11151.2  20063.2    20000
read      231.3   132.8    63.8   102.5   112.9   226.6   261.9   280.4   293.3   308.8   327.9   358.0   437.4  1933.2  2984.4  25133.2    25000
read      243.4   220.7    59.1   101.9   113.0   228.8   269.3   290.8   306.0   322.9   344.4   377.4   514.0  3256.5  7688.6  29916.6    30000
read      253.0   210.4    59.1   102.3   114.5   241.3   286.8   311.0   327.8   346.7   370.4   403.7   508.8  3286.0  7821.7  34958.6    35000
read      255.6   199.6    59.1   102.1   114.5   241.5   289.4   316.4   335.5   357.0   382.8   421.7   534.5  2833.1  5556.5  39922.8    40000
read      259.9   225.7    59.1   102.3   114.7   240.4   291.2   320.6   341.8   365.9   395.4   438.9   583.6  4089.6  7410.2  45223.8    45000
read      268.7   200.6    59.1   101.9   115.5   246.7   300.7   333.0   356.3   382.7   415.6   468.6   673.8  2893.2  7057.7  50001.3    50000
read      276.8   239.6    59.1   101.8   115.8   247.9   302.7   336.8   362.1   391.9   428.9   492.0   748.6  3488.1  7550.3  54931.3    55000
read      283.7   186.5    59.1   105.2   121.6   263.8   318.6   351.8   376.1   404.0   440.8   501.4   720.1  2683.3  4363.1  59988.4    60000
read      285.3   189.8    54.7   104.8   121.6   264.2   319.5   353.2   378.1   407.3   446.9   508.7   718.5  2926.1  4920.0  64805.0    65000
read      286.9   184.7    59.1   105.9   123.4   262.5   321.2   357.5   384.9   417.5   460.7   529.3   706.7  2407.7  4295.4  69892.0    70000
read      303.8   241.6    54.7   107.7   126.0   263.7   329.7   371.6   403.6   444.8   498.8   586.3   953.9  3496.2  7114.0  74693.8    75000
read      328.2   222.1    59.1   118.1   143.1   294.7   361.8   401.5   432.9   471.0   523.8   611.1   993.3  2987.2  6081.4  79867.4    80000
Warning! Detected max cpu usage > 95%
CPU Usage Stats (avg/min/max): 84.25%,37.00%,100.00%

>>> Run 2 <<<

#type       avg     std     min      p5     p10     p50     p67     p75     p80     p85     p90     p95     p99    p999   p9999     QPS   target
read      162.7    68.8    68.9   101.7   108.9   158.8   174.5   183.4   189.7   198.2   209.4   227.7   282.9   965.3  2290.5   4968.4     5000
read      183.0    74.6    63.8   103.3   113.9   180.4   199.6   210.6   217.9   228.0   239.9   259.4   313.0  1000.3  2120.6   9943.6    10000
read      198.7    84.0    68.9   102.7   113.3   196.4   221.1   234.1   244.1   254.8   270.2   293.1   353.8   864.3  3047.3  15088.2    15000
read      218.0   105.4    63.8   102.0   112.5   215.3   245.8   262.2   273.2   287.3   304.4   331.6   402.0  1781.0  2077.3  20013.0    20000
read      236.2   201.1    59.1   102.1   113.3   225.4   261.9   280.7   294.0   309.9   329.5   360.9   489.1  3204.3  6401.6  24995.4    25000
read      235.5   179.7    59.1   101.5   112.2   222.5   264.0   285.9   301.2   318.9   341.8   376.1   497.1  2770.8  6220.8  30008.2    30000
read      253.3   255.5    59.1   101.5   113.2   233.1   279.3   304.6   321.9   342.9   368.8   406.9   597.6  4273.8  7752.2  35103.6    35000
read      257.0   171.8    54.7   101.2   114.1   241.0   291.1   318.7   339.1   361.9   389.8   431.8   594.8  2170.4  7043.6  39883.8    40000
read      264.1   179.6    59.1   102.4   116.5   248.8   300.3   329.6   350.2   373.2   401.6   446.5   587.8  3043.2  5061.9  44946.8    45000
read      261.2   145.4    59.1   101.9   115.5   245.9   298.3   330.0   352.8   378.6   409.0   457.5   578.9  1857.7  3428.8  49917.2    50000
read      272.1   202.7    59.1   102.3   116.3   247.5   302.6   336.3   361.4   390.3   426.1   484.6   667.8  2899.7  5061.1  54730.4    55000
read      279.3   183.9    59.1   103.0   118.7   260.1   314.7   347.4   371.9   400.1   434.8   493.3   673.6  2629.6  5175.6  59958.6    60000
read      285.6   188.6    59.1   104.6   121.2   263.8   320.3   354.9   380.4   410.5   449.8   512.2   717.5  2551.6  4805.9  65217.7    65000
read      303.0   251.9    59.1   106.9   124.8   267.3   329.6   367.8   397.0   432.7   482.6   567.8   972.7  3727.7  7323.9  69974.6    70000
read      298.5   190.6    54.7   110.0   129.6   270.3   333.0   370.9   399.3   433.7   480.1   555.5   812.0  2295.4  4380.1  74961.8    75000
read      356.3   253.3    59.1   123.2   151.5   314.7   388.7   434.6   471.2   516.9   576.5   667.8  1160.9  3453.3  7208.6  79956.1    80000
Warning! Detected max cpu usage > 95%
CPU Usage Stats (avg/min/max): 83.46%,33.83%,100.00%

>>> Run 3 <<<

#type       avg     std     min      p5     p10     p50     p67     p75     p80     p85     p90     p95     p99    p999   p9999     QPS   target
read      160.4    74.6    63.8   100.6   108.1   156.9   171.8   180.4   186.1   194.5   204.3   221.3   266.4   942.5  1980.1   5008.4     5000
read      185.2    74.7    63.8   103.2   113.5   183.5   203.1   214.1   221.9   231.4   244.1   263.8   309.0   905.5  3052.3  10011.4    10000
read      200.5    92.9    68.9   101.7   111.9   197.3   221.9   234.9   245.1   256.0   271.2   294.2   351.7  1762.4  2056.6  15026.4    15000
read      208.1    87.4    54.7   100.8   110.9   206.6   235.6   251.6   262.9   274.8   292.7   317.8   373.8   924.9  1889.1  19917.0    20000
read      230.3   123.1    59.1   101.7   112.5   226.0   261.5   280.0   292.9   308.4   327.5   358.8   451.8  1806.7  2423.4  24993.2    25000
read      253.2   235.2    54.7   101.5   113.2   236.7   278.3   300.1   315.4   333.8   356.8   392.9   701.6  3976.0  7526.4  30105.6    30000
read      248.2   168.6    59.1   102.2   114.2   238.9   284.0   307.7   323.9   343.5   367.2   401.4   499.9  1984.2  5880.1  34940.4    35000
read      260.3   224.6    54.7   100.6   113.3   241.2   290.4   317.4   337.4   359.9   386.9   427.9   596.4  3461.2  7700.2  40212.0    40000
read      255.1   127.8    59.1   101.5   115.0   244.3   294.2   322.1   343.0   366.3   394.2   434.4   534.4  1329.1  3112.8  44937.6    45000
read      268.6   224.1    63.8   100.5   113.9   244.3   297.3   329.4   353.0   379.8   412.3   464.0   669.9  3587.0  6886.5  50124.6    50000
read      255.6   133.5    59.1   100.3   113.0   236.7   292.0   325.7   351.3   380.3   415.2   467.0   579.0  1413.4  2461.1  55140.4    55000
read      300.1   227.8    59.1   104.9   123.0   277.1   333.1   366.9   391.2   420.0   458.0   524.7   799.3  3273.3  7706.0  59978.4    60000
read      293.6   258.3    54.7   104.4   120.2   257.4   317.2   355.0   383.5   417.4   462.7   544.6   946.2  4017.6  7675.1  65101.6    65000
read      284.0   204.6    59.1   104.5   120.3   251.1   313.5   352.7   383.1   419.6   467.4   541.4   779.3  2585.0  5456.7  70030.2    70000
read      330.2   262.6    59.1   112.9   135.3   289.7   355.7   396.5   428.6   468.8   528.9   629.9  1160.0  3861.3  7544.2  75056.8    75000
read      315.8   189.0    59.1   116.4   140.3   289.6   352.5   390.5   419.1   454.0   499.9   577.5   867.8  2448.4  3936.4  79927.4    80000
Warning! Detected max cpu usage > 95%
CPU Usage Stats (avg/min/max): 85.12%,40.50%,100.00%
