
===== cpu TEST RUN =====


>>> Run 1 <<<

#type       avg     std     min      p5     p10     p50     p67     p75     p80     p85     p90     p95     p99    p999   p9999     QPS   target
read      180.3   275.3    54.7    79.7    88.7   134.1   148.5   157.5   164.3   172.6   189.6   412.0  1633.2  2450.8  7506.4   4963.0     5000
read      214.3   270.9    50.7    86.4    98.1   155.5   172.5   183.5   192.5   205.1   239.2   695.9  1670.7  2004.6  7187.8   9987.8    10000
read      249.3   313.8    54.7    90.3   102.4   170.9   192.7   205.9   217.0   235.7   447.7   750.0  1715.8  2427.6  7329.5  14890.1    15000
read      290.8   391.1    50.7    93.3   105.1   183.2   209.6   226.2   241.0   271.3   708.9   884.5  1813.1  2676.6  7536.2  20003.8    20000
read      325.8   431.0    54.7    95.0   107.3   198.6   230.2   251.0   272.2   349.0   754.4  1419.3  1874.6  2693.4  7841.3  24892.6    25000
read      355.0   438.0    50.7    97.6   110.1   212.6   251.5   281.8   324.0   705.2   797.6  1444.5  1876.6  2632.0  7526.7  30013.2    30000
read      390.1   468.4    54.7   100.1   114.0   228.0   279.2   327.3   409.9   740.2   871.8  1646.2  1942.6  2607.9  7828.8  34882.2    35000
read      420.4   480.3    54.7   102.9   119.2   241.5   312.3   396.4   653.2   773.7   931.6  1683.5  1992.4  2709.0  7826.4  39933.7    40000
read      393.0   409.8    54.7   108.9   128.5   257.9   328.4   403.5   492.0   693.9   819.4  1130.3  1928.4  2690.8  7904.3  45057.2    45000
read      481.4   505.9    54.7   118.9   145.8   302.0   426.3   529.8   670.7   792.8  1005.3  1747.5  2234.9  3810.0  8462.0  50017.0    50000
read     1359.8  1105.3    68.9   464.0   509.5   682.0  1914.6  2403.5  2483.0  2562.4  2712.2  3025.3  3662.3  8091.2 10137.8  49525.0    55000
read     1376.4  1102.3    80.4   475.4   516.7   690.1  1984.3  2415.1  2494.0  2578.7  2722.2  3027.2  3480.2  8075.2  9926.3  49206.4    60000
read     1363.2  1100.8    74.4   474.4   513.9   678.7  1953.8  2410.3  2487.2  2564.1  2713.7  3023.4  3461.0  8084.0 10233.0  49688.0    65000
read     1399.0  1118.8    80.4   483.0   522.9   713.6  2064.1  2414.9  2505.2  2606.1  2728.5  3036.9  3847.0  8093.9 12392.1  48611.4    70000
read     1382.4  1099.4    74.4   485.4   524.3   691.3  2049.0  2409.9  2488.9  2569.5  2711.1  3029.1  3465.7  8075.4  9888.4  49122.8    75000
read     1311.6  1083.2    80.4   454.6   490.2   634.2  1662.4  2394.2  2461.4  2528.5  2679.4  2977.7  3340.1  8056.1  9852.6  51520.0    80000
Warning! Detected max cpu usage > 95%
CPU Usage Stats (avg/min/max): 85.38%,41.50%,100.00%

>>> Run 2 <<<

#type       avg     std     min      p5     p10     p50     p67     p75     p80     p85     p90     p95     p99    p999   p9999     QPS   target
read      180.4   274.7    50.7    80.6    89.7   133.9   147.9   156.5   163.0   172.3   190.2   479.1  1594.2  3244.5  7397.2   4981.0     5000
read      227.1   312.7    54.7    87.1    98.5   157.5   176.4   188.1   199.2   215.7   264.1   718.1  1712.5  2650.8  7763.5   9968.8    10000
read      254.3   332.8    54.7    90.0   101.8   170.6   192.0   204.7   215.9   233.3   505.1   764.7  1727.8  2474.0  7389.7  15024.8    15000
read      294.6   401.7    54.7    92.0   104.2   188.1   214.3   230.3   244.9   273.1   706.5   920.2  1828.0  2636.9  7939.0  19983.6    20000
read      333.3   439.8    54.7    95.5   107.5   198.6   230.2   251.1   272.6   389.8   774.8  1552.5  1875.4  2717.1  7580.3  24977.0    25000
read      359.8   447.2    54.7    97.2   110.6   218.7   258.0   287.4   323.3   704.4   800.8  1464.7  1881.4  2695.9  7866.7  30077.2    30000
read      392.6   466.7    54.7   101.5   115.7   229.1   279.9   330.2   422.0   744.5   876.0  1648.3  1929.8  2649.8  7823.9  35006.4    35000
read      360.7   389.7    50.7   103.8   120.0   241.2   294.7   346.4   415.9   607.3   777.1  1016.7  1859.4  2558.3  7785.3  39952.6    40000
read      439.7   468.4    54.7   109.2   128.0   259.3   352.5   477.4   714.9   794.2   937.4  1650.6  1971.4  2564.3  7828.6  45024.2    45000
read      458.5   490.3    54.7   117.0   140.7   288.2   398.7   494.6   629.3   773.6   960.6  1679.9  2158.9  3740.8  8080.9  49988.0    50000
read     1337.4  1085.3    80.4   469.4   507.8   660.0  1817.1  2397.9  2468.6  2539.3  2693.6  3017.3  3386.6  8080.7 10003.7  50260.8    55000
read     1364.7  1103.7    80.4   478.6   516.2   676.2  1949.4  2410.0  2485.8  2561.6  2716.7  3042.2  3470.6  8085.7 10909.9  49575.2    60000
read     1378.7  1113.0    93.8   488.5   524.7   679.2  2043.9  2418.8  2493.5  2570.7  2721.6  3050.3  3572.2  8098.3 10560.1  49269.0    65000
read     1359.4  1097.1    80.4   478.2   515.2   673.2  1966.4  2403.3  2476.6  2549.9  2708.2  3022.2  3486.2  8077.3  9931.4  49875.4    70000
read     1385.1  1107.1    86.8   489.0   525.5   687.4  2024.3  2418.3  2495.1  2577.2  2721.0  3050.2  3623.8  8086.7 10073.0  49059.6    75000
read     1343.0  1093.0    80.4   465.8   502.6   664.8  1902.9  2399.8  2471.5  2543.2  2705.2  3010.5  3427.4  8075.9  9684.9  50393.4    80000
Warning! Detected max cpu usage > 95%
CPU Usage Stats (avg/min/max): 85.43%,41.71%,100.00%

>>> Run 3 <<<

#type       avg     std     min      p5     p10     p50     p67     p75     p80     p85     p90     p95     p99    p999   p9999     QPS   target
read      181.3   246.5    54.7    81.0    90.0   135.3   149.6   158.1   165.2   174.0   194.1   565.7  1610.5  1993.0  7071.6   4994.4     5000
read      205.0   239.1    54.7    86.8    98.6   155.4   172.5   183.4   192.5   205.1   234.1   657.2  1620.6  2005.0  5538.9  10002.4    10000
read      245.5   321.2    54.7    89.3   101.5   168.6   189.4   201.6   213.3   230.4   383.6   746.0  1713.0  2471.5  7469.1  15056.2    15000
read      284.7   379.5    50.7    92.0   103.8   183.4   209.0   225.0   238.2   266.0   694.1   870.5  1807.6  2582.4  7637.8  19978.6    20000
read      327.7   438.7    54.7    95.4   107.1   195.5   226.8   247.3   268.4   348.4   763.5  1470.4  1871.8  2817.8  7686.5  25020.6    25000
read      351.4   434.5    54.7    96.8   109.4   211.0   249.0   276.0   312.8   704.0   797.1  1445.0  1871.1  2563.7  7666.1  29971.4    30000
read      387.9   463.2    46.9    99.9   113.4   226.0   275.5   322.6   406.2   739.3   876.3  1648.2  1922.4  2562.8  7493.3  35080.4    35000
read      362.8   395.0    54.7   102.9   118.5   235.9   291.0   343.5   414.5   625.7   792.1  1083.5  1870.0  2543.2  7648.6  40038.4    40000
read      436.1   464.1    54.7   107.5   126.8   256.5   348.3   471.5   707.6   787.7   936.5  1650.4  1963.8  2561.2  7900.0  45039.4    45000
read      519.5   574.0    54.7   121.0   150.0   314.6   457.3   569.1   714.3   851.2  1080.5  1827.4  2499.5  7319.1  8126.5  49579.8    50000
read     1392.1  1111.4    80.4   489.8   528.9   692.4  2053.7  2422.9  2503.1  2593.9  2723.2  3055.4  3486.2  8080.8  9912.2  48640.2    55000
read     1339.7  1091.4    80.4   468.9   506.3   657.6  1852.7  2402.0  2471.2  2540.4  2698.0  3016.9  3394.2  8068.9 10229.8  50440.6    60000
read     1373.5  1103.0    63.8   481.4   520.1   686.7  1997.0  2404.8  2483.8  2562.9  2709.7  3026.7  3478.6  8092.0 10973.8  49392.8    65000
read     1396.6  1117.0    80.4   469.3   515.6   724.0  2066.7  2412.6  2500.7  2601.1  2736.4  3038.7  3655.9  8102.0 12265.5  48625.4    70000
read     1381.6  1106.3    74.4   482.4   522.0   687.7  2028.5  2414.0  2493.4  2578.6  2721.7  3042.5  3599.6  8075.7  9885.7  49084.8    75000
read     1316.1  1085.6    86.8   458.5   492.9   635.2  1668.0  2402.9  2468.3  2533.7  2690.6  2989.8  3326.5  8065.8  9880.6  51378.8    80000
Warning! Detected max cpu usage > 95%
CPU Usage Stats (avg/min/max): 85.38%,41.50%,100.00%
