
===== l1i TEST RUN =====


>>> Run 1 <<<

#type       avg     std     min      p5     p10     p50     p67     p75     p80     p85     p90     p95     p99    p999   p9999     QPS   target
read      195.2   273.2    59.1    87.0    96.2   139.6   154.4   163.0   170.3   180.6   199.3   685.1  1647.5  2010.4  7470.2   4946.8     5000
read      227.0   289.8    59.1    90.0   101.5   161.5   179.8   191.0   200.4   215.4   266.2   731.2  1678.7  2032.4  7736.6  10012.6    10000
read      260.5   334.5    54.7    93.4   105.3   175.9   198.0   212.3   224.2   243.1   508.9   795.2  1757.4  2441.7  7439.5  14936.2    15000
read      266.9   317.0    54.7    94.6   106.4   189.7   216.5   232.8   248.2   274.7   483.8   800.2  1751.6  2516.1  7733.6  20108.6    20000
read      353.7   472.2    54.7    96.4   108.7   208.3   242.9   266.8   292.2   695.7   821.9  1628.0  1923.0  3190.8  8031.8  25179.8    25000
read      366.2   444.8    54.7    98.2   111.0   217.7   259.3   291.4   338.8   735.7   836.8  1467.5  1882.7  2564.3  7686.7  30015.0    30000
read      398.6   480.6    54.7    99.7   113.9   231.3   285.1   336.6   430.3   769.4   909.1  1658.6  1952.2  3422.4  7980.8  34811.6    35000
read      440.6   495.0    50.7   103.6   121.7   254.0   335.3   435.2   713.0   806.8   985.0  1746.8  2006.0  3082.9  7931.1  39896.6    40000
read      415.3   449.2    59.1   110.7   131.4   267.3   345.4   430.2   534.0   743.0   880.2  1238.6  1995.1  3822.5  8074.0  45138.4    45000
read      949.9   963.0    54.7   157.2   206.0   580.7   768.9  1122.0  1787.3  2255.7  2505.1  2730.5  3216.8  7970.3  9617.3  48827.6    50000
read     1386.3  1111.7    80.4   472.0   516.1   689.8  2040.6  2427.8  2520.9  2626.2  2742.7  3050.2  3465.4  8075.4 10126.4  48669.8    55000
read     1382.2  1109.8   101.3   484.8   521.3   679.7  2030.6  2433.1  2520.1  2621.4  2738.8  3061.9  3489.5  8064.8  9754.3  48953.0    60000
read     1418.0  1126.3    80.4   510.5   541.4   690.9  2184.6  2456.8  2557.4  2652.5  2747.1  3081.2  3772.7  8085.3  9798.9  47893.9    65000
read     1414.4  1125.3    80.4   505.1   537.3   692.1  2127.3  2449.7  2548.7  2645.7  2742.3  3069.3  3732.1  8088.2 10149.3  48107.2    70000
read     1410.2  1125.1    80.4   507.2   537.6   689.4  2114.3  2445.9  2542.2  2641.1  2740.9  3071.3  3682.3  8084.6  9955.6  48279.2    75000
read     1412.3  1126.4    93.8   497.5   534.2   699.4  2115.8  2447.9  2549.0  2647.6  2745.8  3076.0  3862.5  8097.0 11723.7  48126.0    80000
Warning! Detected max cpu usage > 95%
CPU Usage Stats (avg/min/max): 84.88%,40.00%,100.00%

>>> Run 2 <<<

#type       avg     std     min      p5     p10     p50     p67     p75     p80     p85     p90     p95     p99    p999   p9999     QPS   target
read      192.1   272.1    54.7    84.3    94.0   139.9   154.7   163.3   170.6   180.8   199.5   663.6  1656.7  1998.8  7418.2   4961.6     5000
read      224.6   281.8    54.7    88.1   100.6   161.5   179.8   190.6   199.6   213.8   251.6   728.4  1688.7  1997.8  7257.5   9991.4    10000
read      243.5   291.2    54.7    92.8   104.8   179.5   200.9   214.2   225.1   241.3   319.7   746.4  1679.7  2031.2  7417.1  15100.6    15000
read      296.6   394.6    54.7    94.4   106.1   189.3   215.6   231.5   246.1   272.6   726.5   927.6  1847.4  2589.9  7498.0  20037.3    20000
read      342.9   449.5    54.7    96.8   108.5   202.0   235.3   257.4   280.8   469.1   806.9  1621.4  1883.2  2721.7  7685.3  25078.4    25000
read      366.4   451.3    59.1    98.6   111.2   219.8   261.4   292.7   339.3   737.4   836.0  1444.1  1879.1  2692.9  8080.7  30006.5    30000
read      409.9   488.3    54.7   101.1   115.7   236.1   294.2   356.1   471.5   782.5   931.0  1696.3  1976.1  3232.0  8009.9  35003.4    35000
read      375.8   408.5    54.7   105.1   121.9   247.9   305.1   361.5   441.6   670.7   811.4  1083.3  1884.0  2558.9  8030.3  40084.2    40000
read      474.0   500.2    59.1   111.8   134.3   278.3   393.0   540.9   761.0   848.5  1025.5  1756.3  2035.3  3149.6  8014.9  45014.5    45000
read     1288.3  1098.8    59.1   300.8   458.0   666.8  1450.0  2342.9  2462.4  2562.0  2694.9  2999.4  3470.0  8064.4  9850.0  48650.0    50000
read     1411.3  1123.3    86.8   500.7   535.3   693.3  2108.9  2436.2  2533.7  2635.9  2740.5  3068.9  3803.0  8086.6 10171.8  48125.0    55000
read     1430.3  1123.9    86.8   504.7   540.4   724.8  2139.2  2448.9  2557.8  2651.3  2743.7  3068.8  3879.2  8097.9 10356.1  47486.8    60000
read     1433.8  1132.2   101.3   515.3   550.8   718.2  2154.1  2450.0  2560.1  2651.6  2742.0  3074.3  4389.7  8108.7 10217.6  47537.5    65000
read     1440.1  1129.4    86.8   514.3   551.4   725.4  2179.5  2466.7  2574.3  2660.0  2745.6  3079.0  3983.8  8088.5 10066.4  47269.4    70000
read     1435.8  1126.9    86.8   516.8   551.5   716.3  2176.1  2454.7  2562.3  2652.7  2742.5  3072.2  3921.2  8100.8 10189.0  47437.2    75000
read     1391.1  1120.9    86.8   496.5   528.9   679.8  2084.1  2434.7  2521.3  2621.6  2736.5  3062.9  3483.9  8086.2 10593.8  48858.6    80000
Warning! Detected max cpu usage > 95%
CPU Usage Stats (avg/min/max): 84.58%,38.31%,100.00%

>>> Run 3 <<<

#type       avg     std     min      p5     p10     p50     p67     p75     p80     p85     p90     p95     p99    p999   p9999     QPS   target
read      199.3   294.4    50.7    86.8    95.9   142.1   157.7   167.3   174.2   185.2   206.2   694.7  1673.6  2003.4  7507.9   5016.2     5000
read      224.1   289.2    54.7    90.9   102.5   160.8   179.2   189.6   198.9   213.2   248.3   730.1  1688.5  2011.3  7534.1  10061.6    10000
read      271.0   364.0    50.7    91.3   103.7   179.8   202.1   216.6   229.2   249.2   675.2   818.6  1802.1  2616.0  7722.2  15066.2    15000
read      311.2   429.1    50.7    95.6   107.2   189.0   216.1   232.6   248.5   280.8   764.1  1066.7  1862.3  2786.3  7855.9  19972.6    20000
read      352.2   468.7    59.1    96.9   109.2   206.2   240.0   264.7   290.4   677.5   825.7  1635.4  1929.9  2756.4  7997.6  25030.8    25000
read      367.4   448.5    54.7    99.3   112.6   221.4   263.2   295.0   343.6   741.3   830.9  1434.5  1884.6  2756.4  7850.5  29940.4    30000
read      397.4   463.4    54.7   100.0   114.4   231.5   285.9   341.4   451.2   774.4   903.7  1635.5  1916.8  2558.5  7885.5  34831.4    35000
read      366.4   401.6    54.7   105.0   121.0   241.0   297.2   349.4   421.7   609.6   802.1  1054.5  1883.1  2734.9  7873.9  39923.0    40000
read      403.4   421.6    54.7   110.2   131.0   262.2   335.8   416.6   506.8   726.7   856.2  1181.4  1959.9  2634.0  7880.2  44945.8    45000
read      538.0   589.6    54.7   124.9   154.0   329.1   469.8   584.7   739.9   887.3  1123.9  1866.1  2533.3  7304.5  8096.7  49911.4    50000
read     1401.4  1127.6    86.8   493.2   529.9   685.0  2096.3  2441.0  2532.1  2633.8  2741.7  3070.1  3666.8  8100.9 10090.8  48345.2    55000
read     1411.3  1116.8    86.8   488.1   529.3   709.8  2099.0  2440.2  2541.5  2642.6  2743.6  3065.9  3733.0  8082.9  9914.1  48062.8    60000
read     1425.8  1129.4    86.8   489.9   531.3   724.1  2131.3  2455.3  2566.2  2657.1  2748.0  3065.2  3941.1  8101.2 10073.8  47710.6    65000
read     1422.7  1129.1    74.4   500.4   536.4   714.4  2128.7  2443.5  2542.6  2643.9  2745.9  3074.1  3960.6  8099.2 10077.6  47865.8    70000
read     1344.4  1100.3    68.9   453.8   495.8   661.3  1901.5  2412.2  2487.5  2562.8  2732.9  3033.2  3404.3  8077.0 10167.8  50323.4    75000
read     1379.3  1109.5    80.4   474.0   513.6   683.7  2033.6  2424.4  2511.0  2613.9  2744.9  3056.4  3467.3  8071.9  9978.7  49112.8    80000
Warning! Detected max cpu usage > 95%
CPU Usage Stats (avg/min/max): 84.50%,38.00%,100.00%
