
===== llc TEST RUN =====


>>> Run 1 <<<

#type       avg     std     min      p5     p10     p50     p67     p75     p80     p85     p90     p95     p99    p999   p9999     QPS   target
read      177.2   101.0    74.4   112.2   121.0   170.3   186.8   196.7   203.3   212.9   225.0   245.3   311.4  1573.7  3929.2   4944.4     5000
read      204.1    79.5    68.9   115.6   129.0   199.6   222.8   234.7   244.7   255.6   270.3   293.6   363.9   921.4  1962.2   9956.8    10000
read      225.0   128.0    74.4   114.1   127.8   218.9   247.8   263.9   274.8   288.9   306.4   334.9   426.2  1784.8  4103.8  15012.0    15000
read      233.3   138.2    63.8   110.9   124.0   225.4   260.3   278.9   292.4   308.5   328.7   360.9   448.6  2006.9  4749.7  19996.8    20000
read      245.6   117.5    68.9   111.5   125.1   239.2   279.4   300.9   316.1   334.1   356.0   389.3   481.7  1757.7  2760.7  25014.2    25000
read      263.6   175.3    63.8   111.4   125.9   252.2   298.0   322.9   340.2   360.0   384.1   421.4   541.5  2624.6  5865.7  30108.8    30000
read      277.4   223.3    59.1   110.4   125.5   256.2   307.8   337.3   358.2   382.2   412.4   464.0   694.6  3230.5  6432.2  35024.8    35000
read      292.3   289.1    59.1   110.1   126.5   265.1   319.2   350.0   371.8   397.1   429.3   485.0   798.6  5456.7  8038.6  40008.0    40000
read      297.1   272.8    63.8   110.1   127.0   267.6   323.5   356.4   379.4   405.8   439.8   500.0   843.1  4305.8  7864.0  45031.0    45000
read      297.9   320.0    59.1   106.3   121.8   257.7   318.8   357.2   385.4   418.2   461.9   533.5   994.0  4624.8 10757.8  49995.8    50000
read      296.9   205.0    63.8   109.7   127.7   272.2   331.4   366.8   393.0   423.8   464.3   527.4   788.1  2705.9  7345.6  54930.4    55000
read      309.4   180.9    63.8   113.5   134.6   291.7   351.1   385.8   410.7   440.6   480.7   539.7   740.1  2067.7  4588.2  59895.2    60000
read      342.6   246.8    63.8   119.9   145.2   310.5   375.3   415.0   444.1   480.7   529.9   630.1  1023.0  3544.6  7364.0  65105.4    65000
read      328.4   242.3    59.1   115.9   138.5   288.0   359.7   402.9   436.1   478.5   535.0   634.4  1021.5  3329.3  7427.0  69869.0    70000
read      628.1   354.3    63.8   213.8   279.4   617.9   717.4   755.6   785.5   823.4   915.6  1230.8  1568.6  4480.3  7659.3  74896.3    75000
read      460.3   311.3    63.8   150.2   189.9   407.4   524.0   590.2   630.2   672.5   726.9   878.8  1360.8  3479.4  7825.6  80007.9    80000
Warning! Detected max cpu usage > 95%
CPU Usage Stats (avg/min/max): 85.68%,42.71%,100.00%

>>> Run 2 <<<

#type       avg     std     min      p5     p10     p50     p67     p75     p80     p85     p90     p95     p99    p999   p9999     QPS   target
read      176.1   114.2    59.1   114.0   122.7   168.2   184.0   193.2   199.8   208.6   219.1   238.9   321.6  1736.0  7248.3   5031.8     5000
read      198.9   100.9    63.8   113.2   125.2   193.2   214.7   226.7   234.7   246.2   260.4   284.1   363.5  1211.4  4631.1  10013.6    10000
read      221.0   115.7    68.9   112.4   125.3   214.9   242.5   257.7   268.7   281.6   297.3   325.2   433.4  1766.4  3884.9  14951.8    15000
read      232.3   152.9    63.8   109.9   122.0   221.4   254.3   272.1   285.1   299.6   319.1   349.4   544.4  1956.7  4391.4  20073.4    20000
read      240.0   104.1    63.8   110.4   123.1   233.7   273.6   294.9   310.3   327.5   347.6   382.0   464.6  1247.0  1919.4  25123.8    25000
read      264.7   208.5    63.8   110.7   124.7   248.1   293.4   318.1   335.4   355.1   380.5   421.3   681.3  2889.4  6770.0  30023.4    30000
read      274.0   254.7    63.8   110.7   125.2   251.6   301.6   329.9   349.1   371.7   400.0   445.1   677.7  4571.8  7583.5  35021.4    35000
read      288.2   258.9    59.1   109.2   125.1   262.4   317.9   350.3   373.2   399.6   432.9   490.3   744.5  3936.7  8095.2  39978.4    40000
read      279.3   227.6    59.1   106.1   120.0   249.6   308.4   343.6   369.8   399.2   434.3   494.7   729.3  3317.5  7555.2  44933.4    45000
read      300.4   286.1    63.8   108.0   124.3   267.0   324.1   359.2   385.0   414.8   454.6   519.3   869.6  4487.2  7916.0  49976.8    50000
read      314.8   240.8    59.1   111.3   130.9   288.7   347.9   383.6   408.9   439.2   482.7   548.1   865.7  3559.6  7384.9  55141.8    55000
read      303.7   187.0    63.8   111.9   131.7   282.5   342.0   377.3   403.1   434.4   476.9   540.2   750.2  2317.2  4060.0  59993.0    60000
read      333.6   277.8    59.1   115.1   136.9   291.4   359.0   399.8   430.9   470.3   528.6   644.8  1164.8  4098.1  7703.9  65088.2    65000
read      339.4   239.7    63.8   119.0   143.9   304.1   373.4   416.4   448.3   488.4   541.7   640.4  1049.4  2885.6  7288.4  70196.6    70000
read      448.9   345.1    63.8   141.8   179.7   382.5   492.6   566.2   623.0   675.6   729.7   843.9  1436.9  4626.7  7713.7  75041.8    75000
read      784.0   359.8    68.9   463.8   559.8   717.7   762.4   793.9   824.5   913.0  1214.9  1396.6  1611.6  6371.3  7848.2  79300.8    80000
Warning! Detected max cpu usage > 95%
CPU Usage Stats (avg/min/max): 84.33%,37.81%,100.00%

>>> Run 3 <<<

#type       avg     std     min      p5     p10     p50     p67     p75     p80     p85     p90     p95     p99    p999   p9999     QPS   target
read      175.1    91.2    74.4   110.4   118.2   168.1   184.2   193.5   200.0   208.9   219.6   239.2   317.1  1761.2  2477.6   4928.4     5000
read      202.8   101.9    59.1   114.1   126.4   197.0   219.0   231.5   240.7   251.6   266.4   289.5   382.0  1785.7  3480.5  10079.2    10000
read      214.0    79.3    63.8   111.7   123.9   211.4   238.4   253.6   264.7   276.5   293.3   318.1   381.4   940.7  1881.7  14967.0    15000
read      242.7   216.6    59.1   110.2   122.6   227.5   261.4   279.5   292.4   308.3   328.6   363.6   636.4  3700.0  7595.0  20051.0    20000
read      245.0   215.9    63.8   108.5   120.9   229.6   268.4   289.2   304.0   320.5   342.5   374.4   572.8  3869.7  7440.8  25026.0    25000
read      248.3   131.8    68.9   109.3   122.3   239.0   283.4   307.7   324.8   344.1   368.2   402.2   490.2  1808.3  2882.8  29983.6    30000
read      259.1   179.5    63.8   108.6   122.2   243.5   292.7   320.8   340.3   362.7   390.0   430.0   541.6  2287.0  5857.7  35015.4    35000
read      265.0   189.3    63.8   106.9   120.3   242.7   295.9   327.9   350.0   375.3   406.1   455.5   617.5  2787.9  5495.9  40117.3    40000
read      286.6   268.2    59.1   108.8   124.0   257.8   312.7   344.7   367.9   394.4   427.7   484.3   831.8  4784.4  7639.5  45094.8    45000
read      286.2   157.5    59.1   109.4   126.3   270.6   326.8   360.0   383.9   411.4   445.9   499.2   640.5  1938.2  3736.6  50034.8    50000
read      312.0   316.3    59.1   108.3   124.9   266.9   330.9   370.4   399.5   434.4   485.0   574.7  1149.6  4833.6  7905.6  54866.6    55000
read      290.3   210.6    63.8   107.5   123.5   257.4   321.3   362.0   392.2   427.6   473.2   545.5   763.5  3000.4  5331.4  60139.0    60000
read      334.4   266.5    59.1   115.3   137.9   297.3   363.1   402.2   431.9   469.4   522.4   626.7  1136.9  3805.3  7718.7  65004.0    65000
read      365.6   254.3    59.1   125.2   154.9   328.1   400.6   444.0   477.2   519.4   581.3   695.9  1141.5  3194.2  7569.6  70012.6    70000
read      510.7   345.4    59.1   159.6   208.7   449.7   586.5   663.2   704.8   740.9   792.8   975.1  1493.8  4107.5  7812.3  74788.7    75000
read      842.0   364.9    93.8   631.8   659.9   755.9   793.9   817.6   850.2   912.5  1306.9  1466.1  1675.2  7061.8  7991.8  77773.0    80000
Warning! Detected max cpu usage > 95%
CPU Usage Stats (avg/min/max): 84.90%,39.60%,100.00%
