#type       avg     std     min      p5     p10     p50     p67     p75     p80     p85     p90     p95     p99    p999   p9999      QPS   target       ts_start         ts_end
read      378.9  1371.9    68.9   128.4   142.8   228.1   273.8   301.0   321.3   347.0   382.9   450.1  4656.6 22055.6 31372.0  29911.2    30000  1679675485053  1679675505223
read      386.8  1396.3    74.4   130.0   145.3   233.9   281.3   309.6   331.0   357.8   395.1   467.1  4681.0 23015.3 31383.5  29953.6    30010  1679675506746  1679675526896
read      379.3  1354.2    80.4   131.5   146.8   235.4   283.0   311.6   333.5   360.9   398.6   471.9  4092.8 22410.8 32251.2  29955.9    30020  1679675528415  1679675548538
read      390.5  1475.7    74.4   126.7   139.2   223.3   273.8   305.0   328.3   358.2   399.7   485.5  4862.9 25081.7 32259.9  30022.0    30030  1679675550079  1679675570217
read      385.5  1580.4    80.4   125.7   138.0   220.4   272.5   304.5   328.5   359.0   401.7   489.5  3811.6 29139.3 35641.5  30057.4    30040  1679675571729  1679675591851
read      407.8  1701.6    80.4   125.5   137.7   217.5   268.9   300.7   325.3   356.6   401.6   502.7  5102.2 29306.9 36552.8  30023.1    30050  1679675593398  1679675613503
read      442.8  1862.5    80.4   128.0   140.2   224.4   278.7   312.3   338.3   371.6   421.8   536.6  6564.8 29596.1 37864.0  29980.5    30060  1679675615050  1679675635153
read      414.0  1668.6    80.4   126.8   138.9   221.2   273.2   305.7   330.4   361.8   405.5   503.2  6015.4 28138.3 37329.7  30054.4    30070  1679675636733  1679675656846
read      376.6  1280.9    80.4   129.8   144.7   232.6   279.2   306.9   327.8   354.2   390.9   461.9  4875.3 19824.1 30657.6  30031.4    30080  1679675658381  1679675678492
read      373.3  1273.4    68.9   129.0   144.2   232.6   280.2   308.6   330.0   356.8   394.4   466.0  4584.7 20364.9 30703.1  30118.6    30090  1679675680050  1679675700162
read      358.8  1235.1    74.4   129.2   143.9   229.2   273.8   300.2   320.1   345.2   379.5   440.9  4013.3 19752.0 31793.6  30155.8    30100  1679675701700  1679675721815
read      402.4  1541.7    74.4   126.4   139.7   225.4   275.3   306.8   330.8   362.3   407.5   513.8  5259.2 27955.7 34896.1  30118.8    30110  1679675723349  1679675743459
read      365.3  1297.4    74.4   129.5   144.8   234.4   281.9   309.9   330.9   357.1   392.7   458.0  3457.8 22023.1 31541.4  30079.3    30120  1679675745013  1679675765123
read      362.5  1232.0    74.4   128.0   141.9   227.4   274.6   303.0   324.0   350.8   387.9   456.7  3997.3 19309.5 30983.2  30130.6    30130  1679675766681  1679675786806
read      420.2  1699.3    80.4   125.7   138.0   219.3   271.5   303.9   328.9   361.0   405.6   507.8  6363.6 28912.1 37008.4  30050.2    30140  1679675788363  1679675808476
read      429.1  1797.6    80.4   125.2   137.3   217.4   269.5   302.0   327.1   359.1   404.0   506.7  6438.0 29313.7 37318.8  30067.8    30150  1679675810064  1679675830184
read      409.8  1634.4    80.4   126.4   138.5   219.3   272.1   304.7   329.4   361.0   405.2   501.9  5974.2 28337.0 35788.7  30133.9    30160  1679675831714  1679675851822
read      399.0  1596.0    74.4   125.5   137.5   216.7   267.9   298.7   321.9   352.1   394.7   480.6  5669.8 28103.8 36671.6  30114.5    30170  1679675853366  1679675873484
read      388.8  1478.4    74.4   126.5   139.5   222.4   271.4   301.1   323.8   353.0   393.8   474.6  5017.9 24571.2 36040.0  30134.4    30180  1679675875017  1679675895124
read      373.8  1280.1    74.4   131.2   146.5   235.2   282.2   309.9   331.0   357.3   393.6   461.5  4194.6 20588.5 30095.8  30148.7    30190  1679675896667  1679675916801
read      384.2  1460.6    74.4   128.7   143.5   229.7   275.3   303.0   323.4   349.3   384.5   446.8  4430.8 24033.5 31779.5  30173.0    30200  1679675918333  1679675938442
read      388.5  1426.0    80.4   132.8   148.1   237.0   284.7   312.8   334.5   361.5   397.9   467.5  4400.0 24373.4 32222.6  30176.9    30210  1679675939993  1679675960095
read      393.4  1450.9    80.4   128.6   141.7   226.1   275.1   305.2   328.2   357.6   399.0   486.3  5531.3 24332.8 32619.8  30138.6    30220  1679675961640  1679675981764
read      432.1  1747.6    74.4   129.8   143.4   232.1   284.1   315.9   340.8   372.4   420.0   522.3  6088.0 28837.0 36201.3  30191.2    30230  1679675983292  1679676003409
read      425.9  1568.3    74.4   133.8   149.6   245.7   296.9   328.1   352.2   383.1   428.0   520.2  6202.8 26828.0 35343.6  30249.8    30240  1679676004971  1679676025102
read      393.4  1430.0    80.4   127.6   140.0   226.8   280.6   312.9   337.8   369.2   414.8   507.9  5161.3 24537.4 31985.5  30192.6    30250  1679676026629  1679676046746
read      384.3  1421.8    74.4   129.5   143.3   232.8   283.8   313.6   336.5   365.2   404.2   482.5  4053.1 25100.6 32278.3  30176.2    30260  1679676048286  1679676068403
read      352.5  1220.6    74.4   128.3   143.3   229.0   275.1   302.8   323.0   348.7   385.0   451.6  2831.8 20584.6 30327.8  30193.0    30270  1679676069938  1679676090073
read      386.2  1450.5    74.4   130.9   146.4   234.8   281.8   309.5   330.5   356.7   392.8   459.5  4270.5 24761.4 32323.2  30251.1    30280  1679676091615  1679676111728
read      368.8  1346.9    74.4   129.7   144.4   228.5   274.1   301.4   321.2   346.6   382.2   445.5  3900.9 22726.3 31918.4  30268.7    30290  1679676113276  1679676133406
