ubuntu@client-measure-51hq:~/memcache-perf$ ./mcperf -s 100.96.3.2 -a 10.0.16.6 --noload -T 8 -C 8 -D 4 -Q 1000 -c 8 -t 5 -w 2 --scan 5000:80000:5000
#type       avg     std     min      p5     p10     p50     p67     p75     p80     p85     p90     p95     p99    p999   p9999     QPS   target
read      151.2   124.9    59.1    90.8    99.7   147.2   161.4   169.9   175.8   183.2   193.3   210.9   258.6   978.4  7757.9   5059.2     5000
read      166.9    72.7    59.1    94.7   106.8   165.3   181.3   190.1   197.2   205.4   216.3   233.7   279.9   891.4  3232.7   9996.2    10000
read      190.6    66.0    54.7    99.6   113.2   190.6   212.1   223.7   231.6   241.8   254.6   274.7   328.1   633.0  1732.8  15039.8    15000
read      197.9    84.6    54.7   100.5   113.0   198.3   221.2   232.8   241.6   251.6   265.4   286.7   340.8  1345.5  2253.4  19901.0    20000
read      205.8    76.2    59.1    99.3   111.3   208.8   234.2   247.9   257.2   268.8   283.7   308.0   373.3   781.3  1902.5  24920.4    25000
read      208.6    89.3    54.7    99.0   110.8   211.2   239.9   254.3   264.9   275.8   291.8   315.7   374.6  1018.2  2516.8  30033.0    30000
read      217.2   113.9    59.1   101.3   113.0   218.1   250.8   267.4   278.7   292.3   310.2   338.5   405.2   749.5  4617.5  34964.6    35000
read      221.2   109.5    59.1   101.5   113.4   221.3   256.6   274.0   286.9   301.2   319.4   350.3   428.2   786.6  4615.4  40083.2    40000
read      228.1   103.1    54.7   101.5   114.0   225.8   265.1   285.0   298.6   315.4   337.9   373.7   460.5   807.3  3510.4  45153.6    45000
read      225.0    91.6    54.7   101.7   113.8   220.5   260.9   282.0   297.0   315.3   339.3   376.8   461.0   628.5  1452.4  50106.4    50000
read      228.7    93.3    54.7   102.0   114.5   222.7   265.2   287.7   304.1   323.3   348.4   389.3   471.7   616.5  1015.3  54761.9    55000
read      235.6   101.9    54.7   102.0   115.2   229.7   271.8   294.4   311.7   332.3   359.9   401.9   494.1   634.6  2036.7  60007.2    60000
read      249.2   112.1    54.7   104.2   118.6   239.9   284.7   309.5   328.5   354.1   391.5   444.4   545.2   718.0  2819.0  65242.8    65000
read      246.4   114.1    54.7   103.6   117.9   238.1   282.2   306.9   325.1   347.2   378.0   426.5   535.0  1014.8  2541.4  69914.4    70000
read      248.7   124.7    54.7   104.2   118.3   234.1   283.2   311.2   332.7   359.8   396.0   454.2   565.0   773.7  4192.5  74995.6    75000
read      262.2   121.5    54.7   108.8   125.4   250.7   297.4   324.5   345.5   372.7   408.0   465.6   585.0   984.6  2313.2  79950.8    80000
Warning! Detected max cpu usage > 95%
CPU Usage Stats (avg/min/max): 85.57%,42.29%,100.00%

./mcperf -s 100.96.3.2 -a 10.0.16.6 --noload -T 8 -C 8 -D 4 -Q 1000 -c 8 -t 5 -w 2 --scan 5000:80000:5000
#type       avg     std     min      p5     p10     p50     p67     p75     p80     p85     p90     p95     p99    p999   p9999     QPS   target
read      156.5    57.8    63.8    93.6   104.0   154.6   171.0   180.0   186.0   194.3   204.1   220.1   256.3   593.6  3032.2   5012.6     5000
read      170.8    47.7    63.8    98.5   111.8   170.6   187.8   197.5   204.2   213.0   223.7   239.7   279.3   410.3  1187.8  10014.4    10000
read      185.9    66.6    59.1   100.4   113.7   186.2   205.9   216.6   224.7   233.4   246.3   266.5   314.6   726.0  1874.6  14978.4    15000
read      193.3   144.3    54.7    98.0   110.0   193.7   215.5   227.1   234.5   245.0   257.0   276.3   329.8   997.1  9763.5  19866.8    20000
read      198.7    69.6    59.1    99.3   110.6   201.7   227.1   239.7   249.0   259.5   272.5   293.8   344.3   773.9  1424.5  25099.6    25000
read      205.8    76.3    54.7    99.1   110.5   209.2   237.1   251.7   262.1   273.3   289.2   313.2   370.6   595.1  1848.9  29943.8    30000
read      211.4    80.6    50.7   101.0   112.2   212.5   245.6   262.3   273.4   287.4   304.5   331.7   396.6   596.3  1832.1  34931.2    35000
read      220.9   102.0    54.7   102.4   113.9   218.1   256.3   274.7   288.5   304.0   323.0   355.9   435.5  1103.9  2166.6  40074.4    40000
read      223.0    91.6    54.7   100.3   112.5   221.6   260.9   280.5   294.3   311.2   332.7   366.9   444.9   646.2  1125.9  45365.6    45000
read      226.3   101.9    50.7   101.6   113.5   220.2   262.8   284.6   299.9   317.9   341.7   379.0   470.1   718.8  2038.9  49742.2    50000
read      237.0    99.5    54.7   102.0   115.5   232.2   274.5   296.8   313.5   333.4   359.5   401.2   498.9   724.5  1357.3  54936.8    55000
read      242.5   102.7    54.7   101.1   115.1   238.5   284.1   307.6   323.9   343.7   369.7   411.4   509.6   704.4  1284.3  59901.2    60000
read      245.2   120.8    54.7   102.4   116.8   236.5   281.7   306.5   324.3   346.4   375.7   423.5   538.3   930.1  3868.6  64849.5    65000
read      249.1   112.3    50.7   104.0   118.1   237.7   285.2   311.6   332.0   357.7   392.5   447.5   560.8   762.0  1858.5  69921.6    70000
read      252.4   120.7    54.7   104.3   119.0   241.4   287.9   313.9   334.4   360.1   394.6   446.9   565.9   926.5  3200.3  75051.4    75000
read      256.7   111.5    54.7   107.2   123.3   247.8   293.0   318.8   339.7   365.8   399.9   451.1   549.9   722.6  1988.0  79824.6    80000
Warning! Detected max cpu usage > 95%
CPU Usage Stats (avg/min/max): 84.88%,40.00%,100.00%

./mcperf -s 100.96.3.2 -a 10.0.16.6 --noload -T 8 -C 8 -D 4 -Q 1000 -c 8 -t 5 -w 2 --scan 5000:80000:5000
#type       avg     std     min      p5     p10     p50     p67     p75     p80     p85     p90     p95     p99    p999   p9999     QPS   target
read      143.0    47.4    54.7    88.1    96.3   142.2   155.6   162.9   168.9   175.8   185.4   201.5   239.7   361.0  2119.8   4982.0     5000
read      165.4    72.9    59.1    93.4   106.2   164.7   180.7   189.2   196.1   203.4   214.6   231.3   274.2   884.7  1987.7   9954.4    10000
read      184.9   103.9    59.1    96.9   109.7   183.1   202.4   213.3   220.6   230.2   242.6   263.7   318.5  1783.3  4040.7  15023.6    15000
read      194.9    74.1    59.1    98.9   111.1   196.4   219.4   231.4   240.2   251.0   265.3   287.2   341.1   773.5  1856.4  20026.2    20000
read      205.1    79.0    54.7   100.8   112.8   207.5   233.6   247.8   257.5   269.2   284.1   307.4   362.6   685.3  1697.9  24987.2    25000
read      211.7    83.9    54.7   101.3   113.0   214.0   244.4   260.1   270.9   284.1   299.7   325.0   385.9   537.1  2034.7  30223.8    30000
read      222.9    91.1    59.1   101.5   114.2   225.1   259.0   275.8   288.4   302.1   319.2   346.8   421.9   625.9  2212.4  34997.0    35000
read      226.8    90.1    54.7   100.3   113.5   228.2   265.5   283.9   296.3   311.9   331.5   363.0   442.2   587.1  1798.9  39968.8    40000
read      222.0    90.1    54.7    99.7   111.9   221.6   259.9   279.0   292.7   308.8   328.8   361.1   432.0   597.0  1599.1  45130.8    45000
read      226.5   117.9    54.7   101.1   113.4   220.4   261.8   283.3   298.1   316.4   340.5   377.0   461.4   832.8  4906.8  50039.2    50000
read      230.4    98.3    54.7   101.6   113.9   223.7   266.8   289.7   306.3   325.8   352.6   395.6   486.5   647.8  1646.2  54830.6    55000
read      234.1   101.9    50.7   101.2   113.7   225.3   269.5   293.5   311.7   333.6   362.7   407.3   507.5   799.9  1344.3  60080.0    60000
read      239.6   114.7    50.7   101.1   114.5   232.8   275.3   298.6   316.3   338.1   366.6   409.5   503.1   881.9  3409.5  64855.4    65000
read      244.1   105.5    54.7   102.6   116.7   236.1   281.4   306.2   324.3   347.6   378.1   424.7   527.1   729.8  1554.6  70243.5    70000
read      246.4   118.3    54.7   104.1   117.6   230.4   280.0   308.8   331.0   359.0   395.4   448.6   563.0   898.8  3028.1  74834.2    75000
read      256.0   121.4    54.7   106.7   121.9   240.7   290.5   318.8   341.8   370.2   407.6   464.0   588.2   890.2  2174.9  80278.1    80000
Warning! Detected max cpu usage > 95%
CPU Usage Stats (avg/min/max): 83.71%,34.83%,100.00%
